1
Brazil
2114
1
2194
4
1993
20
1813
0
+26
+1
+54
0
+37
2
Germany
2109
1
2223
8
1906
24
1639
+1
+71
+1
+57
+6
+166
3
Spain
2032
1
2165
7
1936
19
1800
+3
+52
−2
−118
+2
+67
4
Portugal
1994
2
2022
19
1779
42
1619
+4
+63
+6
+90
+9
+116
5
France
1989
1
2137
17
1770
40
1506
−1
−20
+7
+99
−2
−24
6
Argentina
1984
1
2159
5
1984
26
1751
−4
−61
−2
−31
−3
−29
7
England
1933
1
2216
4
1982
17
1790
+3
+4
−1
−20
+2
+24
8
Belgium
1928
4
1959
24
1735
70
1498
+5
+22
+14
+142
+44
+286
9
Colombia
1927
3
2035
52
1584
100
1304
0
−3
+2
+26
+6
+89
10
Italy
1906
1
2132
8
1912
22
1604
−3
−37
−2
−5
−8
−127
11
Netherlands
1895
1
2154
15
1837
53
1550
+3
+6
−6
−102
−5
−52
12
Peru
1881
11
1894
35
1666
76
1486
+8
+48
+23
+172
+43
+249
13
Uruguay
1866
1
2108
12
1875
44
1635
−2
−49
+2
+10
+8
+69
13
Switzerland
1866
10
1918
27
1675
56
1485
+3
+9
+5
+35
+6
+59
15
Chile
1860
2
2041
28
1671
60
1384
−10
−122
+6
+58
+24
+132
16
Croatia
1856
5
2005
12
1874
26
1781
−1
−30
−2
−24
−5
−39
17
Mexico
1848
4
1985
20
1775
48
1495
−5
−63
−10
−67
−5
−35
18
Denmark
1842
1
2077
20
1794
61
1536
+17
+125
+5
+66
−1
+18
18
Poland
1842
2
2083
29
1709
61
1526
0
−9
+19
+138
+6
+60
20
Sweden
1825
2
2012
16
1795
45
1577
+5
+57
−11
−82
0
+26
21
Iceland
1811
18
1841
81
1407
125
1256
+6
+46
+70
+326
+85
+406
22
Iran
1799
18
1835
41
1644
77
1461
+2
+26
+26
+143
+4
+20
23
Serbia
1769
3
2010
20
1783
47
1515
+10
+44
+17
+84
+11
+18
24
Wales
1763
3
1905
22
1662
84
1403
+4
+3
+40
+183
+32
+133
25
South Korea
1760
15
1844
37
1678
80
1446
−3
−30
+2
−3
+22
+100
26
Paraguay
1753
5
1954
22
1756
44
1617
+11
+51
+6
+34
−12
−92
26
Senegal
1753
21
1812
59
1578
105
1391
+19
+77
+55
+229
+23
+98
28
United States
1751
9
1890
41
1636
89
1417
+4
+16
−2
−20
+1
−13
29
Slovakia
1748
17
1776
38
1680
67
1578
+2
−5
+29
+146
+21
+94
30
Ecuador
1747
12
1915
67
1494
120
1184
−11
−103
−14
−103
+13
+74
31
Costa Rica
1745
9
1867
34
1695
73
1495
−14
−109
+14
+77
+22
+106
32
Venezuela
1738
19
1806
88
1392
126
1212
+11
+55
+2
+28
+13
+68
33
Ukraine
1737
15
1846
35
1718
70
1536
−8
−31
0
+24
+5
+6
34
Ireland
1732
4
1920
22
1621
64
1237
−13
−70
−3
+4
−6
−39
35
Australia
1728
11
1880
36
1650
76
1472
+1
+18
−10
−46
+2
−4
36
Bosnia and Herzegovina
1723
20
1807
52
1629
80
1499
−7
−32
−6
−23
+39
+183
37
Scotland
1720
1
2104
13
1884
64
1600
+10
+50
+10
+63
−6
−41
38
Czechia
1713
1
2037
12
1863
46
1670
0
+15
−14
−62
−31
−232
39
Turkey
1712
10
1900
42
1604
72
1381
−16
−73
−1
+10
−21
−104
40
Austria
1710
1
2068
20
1809
74
1550
+2
+24
+17
+106
+19
+111
41
Bolivia
1707
21
1793
59
1498
84
1244
+12
+74
+11
+80
+29
+152
41
Japan
1707
8
1896
62
1475
115
1214
−11
−47
−21
−113
−17
−75
43
Russia
1698
1
2088
22
1740
48
1449
−4
+7
−30
−189
−20
−90
44
Nigeria
1696
16
1828
40
1665
72
1500
+4
+29
+6
+44
−11
−57
45
Morocco
1691
18
1819
44
1651
87
1512
+13
+90
+29
+146
−3
+10
46
Romania
1688
5
1946
26
1720
48
1503
−2
+7
−17
−66
−36
−218
47
Northern Ireland
1674
14
1850
39
1653
111
1397
+5
+27
+52
+231
+14
+95
48
Panama
1671
28
1753
102
1334
142
1153
−7
−18
−5
−9
+15
+101
49
Greece
1662
7
1931
48
1547
84
1277
+1
+8
−30
−163
−33
−175
50
Egypt
1659
10
1889
34
1672
68
1526
−4
−13
−15
−50
−9
−24
51
Cameroon
1646
14
1852
52
1606
81
1447
+5
+27
+10
+59
−15
−92
52
Slovenia
1639
26
1758
55
1616
76
1516
−1
−14
+7
+38
+22
+98
53
Tunisia
1624
24
1761
52
1601
86
1436
+8
+33
+2
+19
+1
−14
54
Bulgaria
1621
7
1896
38
1637
71
1320
+9
+34
−8
−41
−32
−170
55
Ghana
1617
10
1871
41
1660
101
1428
+5
+24
−11
−61
−25
−145
56
Montenegro
1614
34
1725
51
1643
72
1559
+3
+17
−14
−67
−12
−57
57
Hungary
1612
1
2230
19
1843
75
1527
−18
−79
−18
−80
+5
+39
58
Honduras
1610
23
1789
60
1502
108
1332
+12
+47
−17
−72
−12
−53
59
Uzbekistan
1609
25
1772
60
1591
91
1435
−11
−58
−10
−45
+10
+52
59
Syria
1609
53
1617
89
1420
122
1260
+14
+65
+17
+72
+21
+86
59
Albania
1609
32
1643
75
1488
119
1359
+7
+28
+24
+99
+27
+121
62
Democratic Republic of Congo
1606
19
1790
59
1565
113
1392
+5
+28
+38
+167
+31
+149
62
Burkina Faso
1606
55
1621
99
1393
131
1257
+18
+98
+36
+159
+58
+269
64
Ivory Coast
1604
15
1868
43
1647
75
1499
−30
−117
−47
−234
−32
−154
65
Finland
1595
14
1747
62
1489
120
1246
+9
+55
−14
−36
−25
−93
66
Norway
1582
8
1928
38
1611
86
1364
+2
+5
−38
−177
−39
−190
67
Saudi Arabia
1574
30
1729
77
1490
128
1239
−2
−10
+18
+68
−19
−82
68
Iraq
1569
24
1753
51
1612
98
1452
+22
+98
−4
−11
−17
−75
69
Jamaica
1565
38
1702
83
1394
135
1215
+9
+50
+3
+5
−1
+2
70
China
1564
21
1755
45
1608
93
1444
+6
+43
−18
−63
−7
−6
71
United Arab Emirates
1563
37
1692
101
1377
163
982
−7
−22
+22
+87
+29
+118
72
South Africa
1540
8
1817
27
1727
97
1452
−15
−68
−4
−34
+15
+55
73
Algeria
1539
10
1874
51
1627
108
1393
−20
−94
−2
−25
+32
+131
74
Israel
1534
23
1770
47
1623
80
1426
−19
−93
−20
−83
−39
−210
75
New Zealand
1525
31
1651
63
1502
100
1349
−3
−24
−9
−51
−2
−22
76
Canada
1524
25
1732
47
1598
90
1488
+1
+7
−13
−61
−19
−103
77
Macedonia
1520
43
1637
77
1522
110
1402
+32
+118
+3
−9
−7
−35
78
Mali
1515
39
1654
69
1523
127
1305
−7
−37
−23
−90
−13
−53
79
Oman
1513
51
1655
135
1161
180
783
+13
+48
−1
−20
−3
−26
80
Guatemala
1511
30
1643
65
1489
108
1385
−1
0
−7
−37
+2
+5
81
Estonia
1507
31
1542
90
1345
173
1092
+16
+69
+6
+11
+26
+105
82
Zambia
1502
30
1720
57
1569
106
1414
+14
+59
−20
−84
−15
−63
83
Belarus
1498
44
1666
77
1520
120
1352
−21
−90
−23
−97
−17
−68
84
Haiti
1494
41
1654
80
1401
129
1265
+3
+18
+12
+33
−12
−54
85
Georgia
1483
36
1671
71
1548
104
1436
+4
+9
−3
−29
−8
−55
86
Armenia
1481
62
1590
104
1410
144
1239
−5
−21
−7
−50
+17
+61
87
Libya
1476
40
1627
78
1484
125
1344
+4
+7
−18
−93
+4
+9
87
Jordan
1476
42
1673
117
1287
149
1093
−3
−22
+3
−10
−6
−43
89
Zimbabwe
1473
47
1579
78
1470
128
1325
+14
+53
+30
+107
+4
+16
90
Guinea
1472
21
1798
68
1534
128
1306
−5
−23
−4
−32
−32
−147
91
Uganda
1462
28
1629
71
1491
130
1311
−8
−37
−21
−104
+17
+61
92
Lebanon
1457
72
1457
111
1302
165
1165
+24
+84
+40
+144
+29
+121
92
Qatar
1457
52
1623
98
1386
161
964
−23
−109
0
−21
−2
−13
94
El Salvador
1456
31
1611
68
1476
121
1335
+16
+55
−17
−80
+19
+81
95
Northern Cyprus
1455
66
1486
84
1463
103
1429
0
0
+2
0
0
+1
96
North Korea
1449
10
1844
55
1611
105
1415
−21
−73
−29
−126
−8
−30
97
Kuwait
1433
28
1734
80
1477
137
1180
−9
−42
−2
−32
−5
−29
98
Cape Verde
1428
67
1558
126
1271
149
1164
+1
−4
+5
0
+31
+118
99
Martinique
1425
40
1565
75
1468
126
1330
−17
−76
+11
+27
+12
+48
100
Kurdistan
1424
99
1424
104
1424
109
1402
+1
0
+5
0
−
−
101
Trinidad and Tobago
1419
11
1670
58
1508
113
1309
−15
−70
0
−17
−17
−82
102
Bahrain
1417
51
1640
112
1332
152
1084
−2
−11
−14
−78
−6
−34
103
Gabon
1416
58
1595
94
1415
124
1297
−9
−42
−28
−127
−1
−14
103
Benin
1416
56
1553
107
1359
167
1138
+8
+19
+6
+16
+7
+31
105
Cyprus
1410
64
1575
98
1383
131
1254
+2
+4
−1
−15
−27
−121
106
Thailand
1406
67
1546
111
1310
139
1131
−3
−14
+5
+19
−5
−32
106
Lithuania
1406
47
1664
85
1310
148
1051
−13
−57
−12
−63
−46
−176
108
Palestine
1400
58
1400
121
1238
169
1155
+13
+64
+33
+123
+52
+210
108
Azerbaijan
1400
64
1552
109
1393
143
1256
−7
−24
0
−8
+6
+32
110
Kenya
1397
53
1544
87
1374
140
1238
+3
+8
+11
+36
+15
+73
111
Togo
1384
50
1607
86
1452
131
1294
−6
−34
−5
−36
−13
−66
112
Congo
1383
34
1691
76
1496
123
1342
−15
−55
−1
−4
−8
−33
113
Sierra Leone
1380
65
1557
101
1372
157
1191
+3
+7
+9
+20
+37
+158
114
Réunion
1379
86
1379
135
1172
159
1057
0
0
+8
+19
+28
+132
115
Namibia
1378
103
1403
141
1250
168
1117
0
+3
+16
+62
+19
+97
116
French Guiana
1375
61
1396
120
1246
172
1114
+2
+23
+31
+134
+37
+167
117
Kosovo
1371
104
1413
111
1384
120
1363
−5
−23
−3
−8
−8
−18
117
Zanzibar
1371
90
1371
147
1087
169
938
+20
+81
+18
+63
+19
+94
119
Madagascar
1369
60
1510
100
1369
167
1164
+30
+124
+46
+205
+30
+145
120
Latvia
1362
40
1576
77
1420
121
1295
−14
−53
−37
−148
−31
−109
121
Kazakhstan
1340
48
1618
99
1429
130
1308
−14
−66
+5
+1
−9
−36
122
Moldova
1332
66
1548
100
1426
128
1329
−2
−10
−15
−79
−40
−174
122
Equatorial Guinea
1332
110
1403
158
1129
188
1012
−3
−13
+16
+36
+22
+89
124
Luxembourg
1322
25
1392
107
1241
190
978
+26
+78
+44
+175
+61
+285
125
Burundi
1318
88
1459
121
1290
158
1191
+3
+5
+5
+1
+9
+37
126
Mozambique
1316
94
1452
119
1320
152
1212
−1
−6
+2
−19
−10
−41
127
Liberia
1309
70
1524
110
1343
150
1222
0
−9
+9
+5
+20
+74
128
Cuba
1307
21
1686
78
1449
141
1109
+2
0
−26
−126
−43
−192
129
Malawi
1304
48
1584
113
1328
148
1114
−7
−31
−12
−65
+8
+28
130
Tanzania
1300
76
1477
115
1285
169
1123
−4
−19
−10
−64
−6
−34
131
Mauritania
1299
123
1333
160
1079
182
921
−1
−8
+45
+180
+20
+79
132
Central African Republic
1297
79
1417
120
1304
164
1183
+1
+1
+1
−14
+31
+114
133
Niger
1296
96
1393
131
1239
153
1083
+2
+2
−8
−45
+6
+26
133
Swaziland
1296
118
1351
147
1190
181
1081
−11
−39
+45
+186
+34
+126
135
Guinea-Bissau
1293
82
1347
124
1280
160
1187
+5
+13
+17
+71
+10
+51
136
Rwanda
1282
96
1466
144
1197
175
1037
−7
−26
−20
−89
−15
−54
137
Faroe Islands
1280
59
1301
118
1251
169
1155
−4
−16
+16
+68
+32
+117
138
Ethiopia
1278
40
1639
93
1409
142
1258
−6
−24
−9
−44
−10
−40
138
Gambia
1278
86
1426
116
1312
150
1203
+2
−2
−11
−58
−21
−75
140
Vietnam
1271
57
1512
120
1288
176
1092
−1
−13
+6
+28
−7
−13
141
Lesotho
1270
123
1271
151
1175
179
1105
+17
+51
+29
+125
+31
+134
142
Curaçao
1267
27
1614
93
1384
188
1013
+11
+44
+44
+251
+32
+152
143
Nicaragua
1266
63
1338
142
1006
197
896
+1
+6
+32
+146
+39
+212
144
Guadeloupe
1265
45
1532
84
1424
146
1265
−2
−13
−31
−118
−48
−186
145
Chad
1256
112
1320
133
1245
158
1180
+2
0
+5
+23
−4
−2
145
Fiji
1256
77
1473
124
1256
162
1075
+6
+18
−5
−24
−5
−10
147
Saint Kitts and Nevis
1255
77
1386
132
1189
174
1109
−4
−10
+20
+107
+7
+50
148
Turkmenistan
1253
70
1536
111
1381
152
1226
−3
−6
−31
−116
−33
−107
148
Botswana
1253
100
1439
154
1133
191
993
−13
−41
−11
−50
−21
−67
150
Dominican Republic
1249
140
1269
169
1029
189
913
+10
+34
−6
+1
+28
+173
151
Sudan
1245
23
1716
84
1468
151
1245
−13
−40
−37
−134
−53
−205
152
Suriname
1244
25
1582
80
1402
170
1161
+4
+23
+2
+38
−6
+8
153
Angola
1241
51
1627
85
1470
160
1215
+1
+19
−64
−247
−74
−288
154
Indonesia
1234
41
1599
99
1363
165
1096
−8
−23
−5
−2
−17
−42
155
Vanuatu
1225
106
1268
153
1104
191
969
+12
+34
+7
+51
−7
−2
156
Tahiti
1220
47
1599
93
1420
167
1144
0
−1
−5
−4
0
+24
157
Mayotte
1219
149
1228
158
1193
175
1124
+1
0
−1
+21
+6
+36
158
Malta
1216
85
1428
115
1329
162
1196
+2
+1
−11
−25
−15
−29
159
Tajikistan
1214
74
1503
119
1346
163
1199
−11
−32
−14
−32
−27
−73
160
New Caledonia
1210
54
1545
104
1366
176
1097
−36
−113
−36
−143
−34
−113
161
Kyrgyzstan
1206
139
1237
160
1178
178
1090
−9
−20
+13
+83
−4
+11
162
Antigua and Barbuda
1204
96
1320
140
1189
180
1057
+1
0
−20
−62
+14
+119
163
Solomon Islands
1200
109
1385
143
1189
177
1046
+9
+66
−8
−4
−33
−109
164
Bermuda
1194
88
1428
122
1300
177
1086
−1
−10
−5
+8
+7
+53
165
Hong Kong
1189
57
1517
117
1299
171
1148
0
−6
−1
+24
−10
−13
165
Yemen
1189
117
1370
141
1220
170
1124
−3
−17
−23
−77
−13
−27
165
Guyana
1189
15
1512
97
1309
182
1048
+1
−3
−31
−120
−46
−154
168
Liechtenstein
1168
144
1242
163
1132
184
1046
0
−12
−8
−14
−10
−25
169
India
1159
30
1628
111
1323
187
1024
+12
+59
−3
+7
−3
−20
170
Philippines
1158
48
1280
141
1023
219
678
−16
−64
−9
−22
+41
+395
171
Belize
1157
139
1199
161
1102
184
1039
−3
−23
+2
+28
+13
+114
172
Afghanistan
1149
83
1161
164
887
210
773
−2
+9
+27
+235
+34
+340
173
Barbados
1138
53
1396
114
1259
177
1092
−2
+2
−1
+5
−42
−163
174
Grenada
1109
40
1559
91
1405
177
1098
0
−8
−11
−57
−13
−75
175
Saint Vincent and the Grenadines
1100
52
1551
99
1357
181
1079
+4
−4
−18
−95
−54
−236
176
Saint Lucia
1098
61
1352
121
1253
192
977
+4
−5
+9
+77
−13
−85
177
Myanmar
1093
33
1685
125
1263
191
989
+8
+37
+12
+91
−9
−73
178
Papua New Guinea
1092
134
1218
163
1088
188
1022
−5
−37
+4
+28
+5
+47
179
São Tomé and Príncipe
1082
153
1124
171
1066
187
998
−2
−25
0
−23
+2
+27
180
Gibraltar
1079
168
1152
178
1087
190
1017
+3
−18
−9
−64
−7
−47
181
Eritrea
1078
140
1246
161
1171
185
1078
+3
0
−13
−69
−22
−113
182
Mauritius
1068
32
1628
110
1331
188
1000
0
−31
+1
+39
−21
−116
183
Malaysia
1062
60
1542
118
1294
185
1062
−5
−43
−26
−133
−13
−87
184
South Sudan
1057
171
1156
180
1086
185
1043
−9
−57
−3
−25
−
−
184
Singapore
1057
73
1413
129
1239
185
1057
−8
−55
−45
−229
−67
−296
186
Comoros
1040
172
1040
194
872
206
823
+4
+59
+19
+171
+17
+197
187
Puerto Rico
1026
83
1122
159
927
202
844
−1
+7
−7
−57
+14
+145
188
Andorra
1012
169
1123
183
1039
194
952
+4
+56
+3
+20
−9
−57
189
Dominica
1003
55
1340
123
1218
198
934
+3
+47
−2
−12
−3
+11
190
Somaliland
1002
187
1002
189
997
190
992
−3
0
−
−
−
−
191
Western Sahara
996
187
996
189
996
191
996
−3
0
−1
0
−
−
192
Bonaire
991
70
1130
142
1048
192
988
−3
0
−9
−38
−17
−112
193
Taiwan
976
15
1764
137
1200
213
757
+12
+123
+11
+101
−6
−6
194
Cayman Islands
948
154
1144
177
1038
198
929
+1
0
+1
+13
−7
−34
195
Pakistan
946
66
1461
145
1137
208
782
+1
0
+5
+42
+3
+38
195
Greenland
946
163
1035
183
975
196
946
+1
0
−2
−14
−4
−14
197
Seychelles
940
158
1122
179
991
197
927
−6
−20
−9
−74
−20
−138
198
Maldives
939
162
1176
189
879
209
725
−4
−14
−21
−179
−18
−121
199
Aruba
922
50
1439
116
1228
199
908
−1
0
−7
−49
−7
−24
200
Bahamas
905
162
943
188
883
205
836
0
0
−4
−27
0
+23
201
Monaco
903
193
909
198
899
202
890
−2
−6
0
+8
−2
+13
202
Nepal
898
162
994
189
878
210
726
−1
−2
−4
−21
+2
+61
203
Sint Maarten
880
181
967
194
920
204
853
−1
0
−6
−44
−8
−44
204
Saint Martin
859
161
1078
185
995
208
848
0
0
+4
+11
−15
−121
205
San Marino
853
165
1014
191
945
205
853
−2
−26
−3
−31
−11
−73
206
Somalia
847
126
1254
160
1103
207
847
0
0
−3
−30
−9
−65
207
Guam
833
176
894
204
688
227
533
0
0
+10
+143
+17
+261
208
Cambodia
810
95
1378
152
1084
223
673
+1
+6
+13
+131
−1
+8
209
Bangladesh
803
150
1136
177
1001
210
803
+1
0
−15
−148
−19
−161
210
Chagos Islands
798
208
808
210
803
212
798
+1
0
−
−
−
−
211
Djibouti
791
94
902
172
873
214
751
+2
+39
−1
+3
−6
−20
212
Laos
782
142
1014
180
924
212
760
−4
−23
−5
−72
−10
−94
213
Turks and Caicos Islands
764
205
832
209
780
213
754
−1
0
−2
−2
−4
−34
214
Tuvalu
758
178
819
202
745
216
720
0
+32
−2
+32
−2
+37
215
US Virgin Islands
720
209
739
216
692
222
657
0
0
−2
+16
+4
+63
216
Wallis and Futuna
701
163
734
197
699
219
674
0
0
−2
0
+2
0
217
Saint Barthélemy
694
215
695
217
694
220
694
0
0
−1
0
−
−
218
Samoa
692
182
730
208
652
224
601
0
0
+2
+11
−1
−10
218
Vatican
692
212
705
215
699
222
686
+3
+6
−3
−8
−3
−13
220
Sri Lanka
688
110
1027
173
924
220
687
−1
0
−14
−169
−27
−253
221
Cook Islands
687
170
739
202
683
224
646
−1
0
+2
+12
−8
−24
222
Macao
677
90
1123
165
990
229
598
0
−8
+4
+48
−12
−87
222
Saint Pierre and Miquelon
677
216
698
221
680
224
677
+1
0
0
0
−
−
224
Mongolia
653
143
897
184
858
225
647
0
−4
−15
−169
−16
−146
225
Montserrat
635
108
635
188
587
232
512
0
0
+3
+51
+3
+111
226
East Timor
633
214
736
223
619
232
525
+2
+18
+1
+18
−4
+45
227
Tibet
631
172
691
203
672
228
631
−1
0
−2
0
−7
0
228
Brunei
625
163
949
195
803
230
603
−1
0
−4
−45
−14
−85
229
British Virgin Islands
606
172
931
200
828
230
606
+1
0
−10
−78
−33
−309
230
Bhutan
592
184
694
213
603
234
522
−1
−17
+2
+50
−9
−8
231
Federated States of Micronesia
564
219
617
225
575
233
564
0
0
−2
0
−6
0
232
Anguilla
562
195
593
219
560
233
505
+1
0
−2
0
−5
+6
233
Tonga
547
180
727
207
679
233
547
−2
−17
−15
−138
−18
−158
234
Kiribati
545
187
599
213
586
234
545
0
0
−3
0
−11
−34
235
Niue
496
193
500
220
496
235
496
0
0
−2
0
−6
0
236
Eastern Samoa
464
189
628
220
473
238
335
0
0
0
+82
−5
+110
237
Northern Mariana Islands
411
214
682
226
553
237
411
0
0
−3
−47
−11
−152
238
Palau
402
196
498
223
438
238
402
0
0
−3
0
−8
0
